PDEQ 2014  1 20  2 52 45.50 -40.6300  175.7800  28.0 0.0 6.2      NORTH ISLAND, NEW ZEALAN
event name:    C201401200252A  
time shift:      4.3200
half duration:   3.3000
latitude:      -40.6300
longitude:     175.8800
depth:          26.0800
Mrr:      -0.161000E+26
Mtt:       0.906000E+25
Mpp:       0.701000E+25
Mrt:       0.131000E+26
Mrp:       0.223000E+26
Mtp:       0.845000E+25
